333.622 339.43 406.288 
335.204 361.693 407.374 
333.502 370.007 407.317 
341.455 335.511 402.966 
338.76 344.629 401.745 
343.72 340.421 397.476 
345.526 341.157 404.868 
339.91 342.687 409.681 
342.814 349.049 381.269 
341.041 354.932 392.956 
342.594 352.322 386.795 
341.267 352.512 401.961 
337.216 349.677 408.585 
343.243 353.454 411.807 
345.509 347.966 407.762 
345.251 346.076 415.656 
341.632 362.922 395.504 
342.912 361.102 403.864 
341.375 360.537 412.123 
337.625 360.626 419.023 
344.782 364.849 419.008 
337.414 367.087 400.921 
345.72 368.667 403.127 
344.977 366.997 410.695 
339.006 374.554 411.393 
337.85 367.263 414.292 
343.037 375.398 389.432 
344.636 382.021 394.548 
339.644 377.339 398.111 
340.713 380.152 405.842 
344.356 381.02 413.98 
352.745 332.75 381.299 
349.88 334.575 400.727 
352.678 335.691 413.018 
350.779 340.314 383.787 
348.102 340.844 391.087 
354.836 344.892 389.882 
351.454 341.875 398.096 
352.865 344.427 411.923 
351.017 338.821 406.559 
351.091 342.005 420.026 
355.03 352.406 369.874 
354.082 352.405 377.656 
347.947 349.184 393.228 
349.407 353.139 387.872 
347.407 347.723 400.71 
353.856 353.607 396.955 
348.34 355.318 405.059 
350.574 352.698 413.593 
353.411 350.091 406.034 
348.202 350.362 422.061 
350.025 360.496 377.369 
355.167 360.299 384.206 
349.846 355.869 382.476 
347.707 360.71 389.867 
347.097 357.147 397.612 
349.688 365.364 397.22 
351.27 362.702 404.842 
350.284 361.511 414.794 
354.202 357.232 410.12 
353.213 364.268 422.593 
354.342 357.048 421.249 
354.414 367.055 381.105 
353.118 375.003 381.125 
348.344 369.695 385.937 
350.149 373.362 392.896 
354.13 365.749 390.548 
355.519 370.506 397.923 
351.868 368.822 410.216 
346.971 374.86 408.321 
354.518 373.878 405.413 
345.959 372.823 416.499 
353.697 370.242 417.533 
349.05 370.242 424.5 
348.437 374.879 431.165 
349.152 380.614 388.519 
347.972 376.877 400.293 
351.73 384.458 397.032 
351.731 381.95 405.804 
352.671 377.869 413.448 
350.093 383.915 419.537 
364.852 343.551 379.105 
359.342 340.102 384.591 
361.889 342.173 392.547 
356.758 336.982 395.724 
357.658 339.637 403.97 
363.628 343.858 400.701 
359.89 341.368 414.477 
360.455 345.535 407.883 
356.602 352.333 385.352 
364.902 348.092 386.103 
360.091 350.369 391.103 
355.906 346.497 400.432 
361.275 351.989 404.342 
360.886 350.338 397.703 
358.037 351.728 411.805 
355.852 348.695 418.809 
363.608 348.676 416.032 
362.237 348.686 424.428 
360.284 358.384 372.135 
355.702 365.438 373.338 
362.308 363.934 383.663 
361.688 356.141 379.9 
363.906 356.582 387.895 
356.475 358.208 391.473 
362.785 363.982 391.994 
357.584 362.934 398.226 
362.558 357.432 396.196 
357.091 357.122 403.196 
365.317 359.367 403.682 
364.129 356.567 411.674 
358.83 362.344 409.21 
359.76 359.839 416.999 
361.685 363.982 423.744 
356.601 364.557 415.506 
362.106 374.477 382.411 
363.255 373.312 390.279 
358.381 370.234 385.978 
358.163 370.077 391.215 
363.596 369.893 397.348 
360.348 368.03 404.175 
363.32 375.05 403.737 
359.279 369.992 411.251 
362.381 368.937 417.766 
362.168 380.033 376.733 
356.939 383.065 384.645 
356.107 378.167 388.515 
363.045 381.219 386.711 
357.616 375.46 393.658 
363.414 377.913 396.679 
356 378.766 399.666 
360.435 383.428 404.415 
360.304 385.135 396 
360.592 377.356 410.158 
357.186 386.333 378.76 
367.925 339.396 369.97 
373.171 344.041 381.05 
370.559 337.17 377.907 
368.181 340.421 386.751 
370.27 338.521 395.541 
371.087 344.349 401.836 
373.079 336.636 403.991 
366.081 339.99 407.353 
375.192 339.338 411.947 
369.694 344.74 413.556 
368.235 351.124 378.736 
373.419 347.546 388.273 
367.662 346.23 393.881 
371.67 354.658 385.483 
370.423 353.892 393.237 
372.515 355.388 402.91 
367.584 351.681 399.754 
367.293 349.512 407.504 
374.839 348.62 407.539 
370.455 352.859 413.877 
365.934 354.807 420.316 
374.787 354.326 420.67 
368.409 357.908 373.543 
373.608 364.097 374.618 
368.679 360.305 381.075 
375.338 355.996 377.582 
370.212 361.665 388.741 
370.146 361.494 396.822 
365.837 364.556 410.381 
372.242 359.283 409.235 
368.733 361.926 417.954 
367.312 359.181 426.765 
365.601 368.094 375.511 
372.969 366.623 382.102 
372.914 374.732 381.718 
367.105 369.27 381.646 
366.963 368.331 387.302 
373.123 370.178 387.913 
374.04 366.515 392.13 
368.39 373.668 393.42 
370.803 373.848 397.708 
368.581 366.91 402.637 
367.286 372.121 409.027 
373.405 367.039 411.836 
369.391 376.172 387.774 
367.332 381.962 392.654 
367.193 377.208 401.015 
378.851 337.059 381.435 
376.161 339.674 388.643 
375.715 344.533 394.728 
379.093 337.776 398.242 
378.251 344.801 401.04 
380.446 341.387 406.034 
383.216 343.973 413.29 
378.862 350.374 382.772 
381.299 350.006 391.66 
376.065 350.434 399.802 
384.658 348.716 400.094 
380.448 355.38 397.846 
384.086 352.797 411.523 
379.332 355.494 406.093 
377.295 348.977 414.896 
382.922 353.208 419.609 
378.436 346.178 421.774 
380.299 362.221 380.221 
376.841 357.362 391.257 
379.519 364.223 388.792 
384.964 357.5 390.891 
375.831 361.934 402.236 
381.496 362.709 396.507 
384.142 361.381 410.173 
377.299 361.001 415.614 
377.558 371.891 375.861 
379.462 370.016 382.925 
381.804 372.141 389.298 
384.857 369.857 395.599 
376.065 368.683 397.574 
381.293 373.775 401.767 
379.641 367.387 406.255 
377.923 374.228 409.563 
375.929 376.014 392.234 
379.405 380.562 397.691 
390.151 354.443 397.338 
389.942 352.934 405.697 
385.741 359.027 402.508 
387.348 366.996 402.137 
