64 0 1 
400 400 400 1 5 0.5 0.000372 0 1.63042e-322
400.05 400.05 400.05 1 5 0.5 0.000372 1 1.63042e-322
400.05 400.05 400.05 1 5 0.5 0.000372 2 1.63042e-322
400.05 400.05 400.05 1 5 0.5 0.000372 3 1.63042e-322
400.05 400.05 400.05 1 5 0.5 0.000372 4 1.63042e-322
400.05 400.05 400.05 1 5 0.5 0.000372 5 1.63042e-322
400.05 400.05 400.05 1 5 0.5 0.000372 6 1.63042e-322
400.05 400.05 400.05 1 5 0.5 0.000372 7 1.63042e-322
400.05 400.05 400.05 1 5 0.5 0.000372 8 1.63042e-322
400.05 400.05 400.05 1 5 0.5 0.000372 9 1.63042e-322
400.05 400.05 400.05 1 5 0.5 0.000372 10 1.63042e-322
400.05 400.05 400.05 1 5 0.5 0.000372 11 1.63042e-322
400.05 400.05 400.05 1 5 0.5 0.000372 12 1.63042e-322
400.05 400.05 400.05 1 5 0.5 0.000372 13 1.63042e-322
400.05 400.05 400.05 1 5 0.5 0.000372 14 1.63042e-322
400.05 400.05 400.05 1 5 0.5 0.000372 15 1.63042e-322
400.05 400.05 400.05 1 5 0.5 0.000372 16 1.63042e-322
400.05 400.05 400.05 1 5 0.5 0.000372 17 1.63042e-322
400.05 400.05 400.05 1 5 0.5 0.000372 18 1.63042e-322
400.05 400.05 400.05 1 5 0.5 0.000372 19 1.63042e-322
400.05 400.05 400.05 1 5 0.5 0.000372 20 1.63042e-322
400.05 400.05 400.05 1 5 0.5 0.000372 21 1.63042e-322
400.05 400.05 400.05 1 5 0.5 0.000372 22 1.63042e-322
400.05 400.05 400.05 1 5 0.5 0.000372 23 1.63042e-322
400.05 400.05 400.05 1 5 0.5 0.000372 24 1.63042e-322
400.05 400.05 400.05 1 5 0.5 0.000372 25 1.63042e-322
400.05 400.05 400.05 1 5 0.5 0.000372 26 1.63042e-322
400.05 400.05 400.05 1 5 0.5 0.000372 27 1.63042e-322
400.05 400.05 400.05 1 5 0.5 0.000372 28 1.63042e-322
400.05 400.05 400.05 1 5 0.5 0.000372 29 1.63042e-322
400.05 400.05 400.05 1 5 0.5 0.000372 30 1.63042e-322
400.05 400.05 400.05 1 5 0.5 0.000372 31 1.63042e-322
400.05 400.05 400.05 1 5 0.5 0.000372 32 1.63042e-322
400.05 400.05 400.05 1 5 0.5 0.000372 33 1.63042e-322
400.05 400.05 400.05 1 5 0.5 0.000372 34 1.63042e-322
400.05 400.05 400.05 1 5 0.5 0.000372 35 1.63042e-322
400.05 400.05 400.05 1 5 0.5 0.000372 36 1.63042e-322
400.05 400.05 400.05 1 5 0.5 0.000372 37 1.63042e-322
400.05 400.05 400.05 1 5 0.5 0.000372 38 1.63042e-322
400.05 400.05 400.05 1 5 0.5 0.000372 39 1.63042e-322
400.05 400.05 400.05 1 5 0.5 0.000372 40 1.63042e-322
400.05 400.05 400.05 1 5 0.5 0.000372 41 1.63042e-322
400.05 400.05 400.05 1 5 0.5 0.000372 42 1.63042e-322
400.05 400.05 400.05 1 5 0.5 0.000372 43 1.63042e-322
400.05 400.05 400.05 1 5 0.5 0.000372 44 1.63042e-322
400.05 400.05 400.05 1 5 0.5 0.000372 45 1.63042e-322
400.05 400.05 400.05 1 5 0.5 0.000372 46 1.63042e-322
400.05 400.05 400.05 1 5 0.5 0.000372 47 1.63042e-322
400.05 400.05 400.05 1 5 0.5 0.000372 48 1.63042e-322
400.05 400.05 400.05 1 5 0.5 0.000372 49 1.63042e-322
400.05 400.05 400.05 1 5 0.5 0.000372 50 1.63042e-322
400.05 400.05 400.05 1 5 0.5 0.000372 51 1.63042e-322
400.05 400.05 400.05 1 5 0.5 0.000372 52 1.63042e-322
400.05 400.05 400.05 1 5 0.5 0.000372 53 1.63042e-322
400.05 400.05 400.05 1 5 0.5 0.000372 54 1.63042e-322
400.05 400.05 400.05 1 5 0.5 0.000372 55 1.63042e-322
400.05 400.05 400.05 1 5 0.5 0.000372 56 1.63042e-322
400.05 400.05 400.05 1 5 0.5 0.000372 57 1.63042e-322
400.05 400.05 400.05 1 5 0.5 0.000372 58 1.63042e-322
400.05 400.05 400.05 1 5 0.5 0.000372 59 1.63042e-322
400.05 400.05 400.05 1 5 0.5 0.000372 60 1.63042e-322
400.05 400.05 400.05 1 5 0.5 0.000372 61 1.63042e-322
400.05 400.05 400.05 1 5 0.5 0.000372 62 1.63042e-322
400.05 400.05 400.05 1 5 0.5 0.000372 63 1.63042e-322
