60 -4.30521e-05 8.96703e-05 -7.63276e-05
60 -4.46052e-05 8.89283e-05 -7.5979e-05
60 -4.46052e-05 8.89283e-05 -7.5979e-05
60 -4.46052e-05 8.89283e-05 -7.5979e-05
60 -4.46052e-05 8.89283e-05 -7.5979e-05
60 -4.46052e-05 8.89283e-05 -7.5979e-05
60 -4.46052e-05 8.89283e-05 -7.5979e-05
60 -4.46052e-05 8.89283e-05 -7.5979e-05
60 -4.46052e-05 8.89283e-05 -7.5979e-05
60 -4.46052e-05 8.89283e-05 -7.5979e-05
60 -4.46052e-05 8.89283e-05 -7.5979e-05
60 -4.46052e-05 8.89283e-05 -7.5979e-05
60 -4.46052e-05 8.89283e-05 -7.5979e-05
60 -4.46052e-05 8.89283e-05 -7.5979e-05
60 -4.46052e-05 8.89283e-05 -7.5979e-05
60 -4.46052e-05 8.89283e-05 -7.5979e-05
60 -4.46052e-05 8.89283e-05 -7.5979e-05
60 -4.46052e-05 8.89283e-05 -7.5979e-05
60 -4.46052e-05 8.89283e-05 -7.5979e-05
60 -4.46052e-05 8.89283e-05 -7.5979e-05
60 -4.46052e-05 8.89283e-05 -7.5979e-05
60 -4.46052e-05 8.89283e-05 -7.5979e-05
60 -4.46052e-05 8.89283e-05 -7.5979e-05
60 -4.46052e-05 8.89283e-05 -7.5979e-05
60 -4.46052e-05 8.89283e-05 -7.5979e-05
60 -4.46052e-05 8.89283e-05 -7.5979e-05
60 -4.46052e-05 8.89283e-05 -7.5979e-05
60 -4.46052e-05 8.89283e-05 -7.5979e-05
60 -4.46052e-05 8.89283e-05 -7.5979e-05
60 -4.46052e-05 8.89283e-05 -7.5979e-05
60 -4.46052e-05 8.89283e-05 -7.5979e-05
60 -4.46052e-05 8.89283e-05 -7.5979e-05
60 -4.46052e-05 8.89283e-05 -7.5979e-05
60 -4.46052e-05 8.89283e-05 -7.5979e-05
60 -4.46052e-05 8.89283e-05 -7.5979e-05
60 -4.46052e-05 8.89283e-05 -7.5979e-05
60 -4.46052e-05 8.89283e-05 -7.5979e-05
60 -4.46052e-05 8.89283e-05 -7.5979e-05
60 -4.46052e-05 8.89283e-05 -7.5979e-05
60 -4.46052e-05 8.89283e-05 -7.5979e-05
60 -4.46052e-05 8.89283e-05 -7.5979e-05
60 -4.46052e-05 8.89283e-05 -7.5979e-05
60 -4.46052e-05 8.89283e-05 -7.5979e-05
60 -4.46052e-05 8.89283e-05 -7.5979e-05
60 -4.46052e-05 8.89283e-05 -7.5979e-05
60 -4.46052e-05 8.89283e-05 -7.5979e-05
60 -4.46052e-05 8.89283e-05 -7.5979e-05
60 -4.46052e-05 8.89283e-05 -7.5979e-05
60 -4.46052e-05 8.89283e-05 -7.5979e-05
60 -4.46052e-05 8.89283e-05 -7.5979e-05
60 -4.46052e-05 8.89283e-05 -7.5979e-05
60 -4.46052e-05 8.89283e-05 -7.5979e-05
60 -4.46052e-05 8.89283e-05 -7.5979e-05
60 -4.46052e-05 8.89283e-05 -7.5979e-05
60 -4.46052e-05 8.89283e-05 -7.5979e-05
60 -4.46052e-05 8.89283e-05 -7.5979e-05
60 -4.46052e-05 8.89283e-05 -7.5979e-05
60 -4.46052e-05 8.89283e-05 -7.5979e-05
60 -4.46052e-05 8.89283e-05 -7.5979e-05
60 -4.46052e-05 8.89283e-05 -7.5979e-05
60 -4.46052e-05 8.89283e-05 -7.5979e-05
60 -4.46052e-05 8.89283e-05 -7.5979e-05
60 -4.46052e-05 8.89283e-05 -7.5979e-05
60 -4.46052e-05 8.89283e-05 -7.5979e-05
