131 10 1000 
323.033 340.556 396.847 1 5.04768 0.5 0.000372 100 0.000158783
325.634 354.242 396.39 1 4.33939 0.5 0.000372 43 0.000359717
331.857 335.728 376.051 1 5.04768 0.5 0.000372 121 0
334.987 328.945 387.416 1 5.04768 0.5 0.000372 99 0.000148104
327.052 332.261 390.444 1 5.00635 0.5 0.000372 163 0.000336129
332.671 330.981 398.134 1 5.08931 0.5 0.000372 80 0.000314726
334.399 332.976 406.416 1 5.01614 0.5 0.000372 130 0.000216339
326.447 340.377 388.004 1 5.00635 0.5 0.000372 93 0.000271071
333.892 336.238 391.314 1 5.09976 0.5 0.000372 76 0.000438865
330.678 342.9 394.204 1 5.04768 0.5 0.000372 114 0.000493952
329.068 338.005 402.297 1 5.01614 0.5 0.000372 144 0.000166507
332.957 345.401 401.238 1 5.04768 0.5 0.000372 152 0.000311271
335.231 341.015 407.598 1 5.06002 0.5 0.000372 52 0.000228798
328.003 344.142 411.777 1 5.08931 0.5 0.000372 122 0.000127899
333.384 339.233 415.705 1 5.03939 0.5 0.000372 136 0.000193096
332.259 338.943 424.169 1 5.03939 0.5 0.000372 165 6.78311e-05
327.656 354.653 390.38 1 4.23939 0.5 0.000372 170 0.000119243
331.348 353.347 400.864 1 5.03939 0.5 0.000372 106 0.000258518
333.924 349.817 408.241 1 5.09976 0.5 0.000372 135 0.000388877
333.379 349.059 415.94 1 5.09976 0.5 0.000372 161 0.000288584
327.947 361.926 401.223 1 5.09976 0.5 0.000372 83 0.00041179
335.53 359.763 404.52 1 5.08931 0.5 0.000372 18 0.000106388
328.814 359.373 409.789 1 5.09976 0.5 0.000372 150 3.13105e-05
340.338 331.571 393.457 1 5.03939 0.5 0.000372 64 0.000232228
339.968 329.221 401.898 1 5.02621 0.5 0.000372 31 0.000278392
345.426 334.491 398.993 1 5.09976 0.5 0.000372 158 0.000256102
342.799 339.714 392.736 1 5.09976 0.5 0.000372 96 0.000272666
336.605 343.619 388.092 1 5.09976 0.5 0.000372 139 0.000132779
337.546 337.983 399.419 1 5.09976 0.5 0.000372 90 0.000627425
342.415 336.366 406.511 1 5.09976 0.5 0.000372 132 0.000223553
342.539 343.047 411.615 1 5.04768 0.5 0.000372 57 0.000425762
339.087 344.027 420.405 1 5.09976 0.5 0.000372 67 0.00035449
345.628 341.341 430.498 1 5.09976 0.5 0.000372 73 3.89255e-05
340.86 353.599 363.74 1 5.09976 0.5 0.000372 156 5.07523e-05
341.965 354.571 371.93 1 5.09976 0.5 0.000372 36 0.000338753
336.98 348.429 375.225 1 5.03939 0.5 0.000372 88 5.03746e-05
340.818 348.876 382.993 1 5.08931 0.5 0.000372 17 0.000147235
344.157 351.902 390.279 1 5.0053 0.5 0.000372 5 0.000348998
337.4 354.174 395.011 1 5.09976 0.5 0.000372 47 0.000108617
340.2 346.456 397.555 1 5.09976 0.5 0.000372 67 0.000437196
339.869 353.51 403.271 1 5.03939 0.5 0.000372 62 0.000526951
343.911 346.826 404.796 1 5.04768 0.5 0.000372 166 0.000713305
340.369 353.493 415.068 1 5.09976 0.5 0.000372 53 0.000343435
342.122 352.37 422.865 1 5.04768 0.5 0.000372 151 0.000195614
338.407 361.151 375.573 1 5.03939 0.5 0.000372 120 0.000167419
342.608 356.965 383.286 1 5.09976 0.5 0.000372 141 0.000241518
336.5 362.107 396.341 1 5.03939 0.5 0.000372 13 0.000162375
344.897 356.645 397.348 1 5.09976 0.5 0.000372 110 0.000252076
343.879 364.441 399.15 1 5.03939 0.5 0.000372 157 7.44712e-05
343.112 373.765 372.557 1 4.44768 0.5 0.000372 168 0.000207518
343.791 373.538 379.337 1 4.54768 0.5 0.000372 78 0.000268304
345.477 367.273 383.725 1 5.09976 0.5 0.000372 124 0.000516493
341.65 366.268 390.901 1 5.08931 0.5 0.000372 142 0.000154773
351.141 343.651 374.656 1 5.08931 0.5 0.000372 35 0.000185172
352.98 342.831 383.273 1 5.08931 0.5 0.000372 146 0.000249176
345.849 344.423 386.781 1 5.02621 0.5 0.000372 32 0.000459626
350.353 342.86 392.552 1 5.02621 0.5 0.000372 164 0.000639902
347.118 341.774 400.155 1 5.09976 0.5 0.000372 103 0.000426532
354.836 343.838 398.892 1 5.08931 0.5 0.000372 127 0.000309778
350.824 339.069 424.006 1 5.09976 0.5 0.000372 154 2.73141e-06
351.1 352.065 375.277 1 5.04768 0.5 0.000372 116 0.000309585
352.393 349.758 367.099 1 5.04768 0.5 0.000372 145 0.000185692
349.003 351.002 383.219 1 5.02621 0.5 0.000372 20 0.000188197
355.059 354.807 387.281 1 5.09976 0.5 0.000372 77 0.000403434
348.539 349.048 396.923 1 5.04768 0.5 0.000372 38 0.000569108
351.246 353.688 403.056 1 5.04768 0.5 0.000372 126 0.000670781
345.92 351.042 410.164 1 4.39976 0.5 0.000372 153 0.000728138
351.615 353.79 415.004 1 5.04768 0.5 0.000372 139 0.000300098
346.425 347.479 416.798 1 5.00635 0.5 0.000372 81 0.000213905
350.341 352.272 423.126 1 5.00635 0.5 0.000372 150 0.000131281
345.883 349.884 430.2 1 5.04768 0.5 0.000372 64 4.88907e-05
354.127 361.007 382.413 1 5.03939 0.5 0.000372 28 0.000543601
348.22 359.771 389.383 1 5.09976 0.5 0.000372 91 0.000488898
353.286 355.665 395.177 1 5.03939 0.5 0.000372 27 0.000285743
347.514 357.057 408.867 1 4.39976 0.5 0.000372 169 0.00029445
353.119 361.125 406.238 1 5.04768 0.5 0.000372 117 0.000181848
353.058 362.872 415.077 1 5.04768 0.5 0.000372 134 0.000183502
346.249 358.758 418.76 1 5.04768 0.5 0.000372 113 9.7899e-05
348.676 367.189 375.415 1 5.09976 0.5 0.000372 133 0.00029119
354.176 368.995 384.956 1 4.09976 0.5 0.000372 86 0.000730117
347.902 375.169 385.608 1 5.09976 0.5 0.000372 72 0.000192081
353.221 373.678 392.309 1 5.09976 0.5 0.000372 98 0.000181834
354.282 366.934 389.811 1 4.09976 0.5 0.000372 173 0.00037902
364.049 334.935 392.599 1 5.03939 0.5 0.000372 137 0.000103567
364.844 328.661 403.361 1 5.08931 0.5 0.000372 104 2.71979e-05
356.793 338.769 392.997 1 5.02621 0.5 0.000372 55 0.000314608
360.625 339.157 385.72 1 5.07271 0.5 0.000372 69 9.77244e-05
363.634 343.853 392.947 1 5.08931 0.5 0.000372 9 0.000374781
364.108 336.55 400.954 1 5.03939 0.5 0.000372 115 6.43429e-05
358.833 344.127 405.78 1 5.08931 0.5 0.000372 15 0.000347881
357.811 355.405 370.955 1 5.04768 0.5 0.000372 143 3.64141e-05
357.927 353.342 378.634 1 4.60635 0.5 0.000372 39 0.000864568
361.087 347.767 378.05 1 4.60635 0.5 0.000372 167 0.000325305
362.32 350.626 386.065 1 5.04768 0.5 0.000372 128 0.000460081
361.827 355.136 393.005 1 5.04768 0.5 0.000372 94 0.000256636
356.628 348.132 391.932 1 5.09976 0.5 0.000372 84 0.000491468
359.077 351.16 399.378 1 5.00635 0.5 0.000372 46 0.000376265
365.15 349.254 405.218 1 5.04768 0.5 0.000372 74 0.000414571
362.847 349.674 413.114 1 4.34768 0.5 0.000372 58 0.000408447
358.537 354.829 406.386 1 5.07354 0.5 0.000372 119 0.000343483
356.653 348.572 411.895 1 5.08931 0.5 0.000372 159 0.000319927
361.147 359.792 377.593 1 5.03939 0.5 0.000372 125 0.000127577
361.982 359.644 386.13 1 5.02621 0.5 0.000372 25 0.000412886
364.326 363.298 393.681 1 5.02621 0.5 0.000372 105 9.11243e-05
359.048 359.712 399.54 1 5.08931 0.5 0.000372 49 0.000176236
361.015 363.185 407.02 1 5.03939 0.5 0.000372 41 0.000243334
359.321 356.857 413.409 1 5.00635 0.5 0.000372 148 0.000478312
361.41 363.163 418.249 1 5.07354 0.5 0.000372 161 0.000135925
357.174 367.524 377.637 1 5.09976 0.5 0.000372 111 0.00019027
361.77 371.769 393.832 1 5.04768 0.5 0.000372 79 5.89529e-05
367.404 345.118 377.134 1 5.03939 0.5 0.000372 34 0.000148556
367.701 344.202 385.729 1 5.04768 0.5 0.000372 162 8.43726e-05
371.246 339.963 392.144 1 5.08931 0.5 0.000372 131 4.22823e-05
374.314 343.47 399.657 1 5.06831 0.5 0.000372 50 1.00082e-05
366.364 340.957 407.5 1 5.07271 0.5 0.000372 101 9.03017e-05
371.301 343.693 413.464 1 5.00635 0.5 0.000372 148 0.000164902
367.093 353.558 379.591 1 5.09976 0.5 0.000372 82 0.000494575
370.526 353.404 401.923 1 5.03939 0.5 0.000372 75 0.000288649
374.498 347.86 406.723 1 5.00635 0.5 0.000372 95 0.000228224
365.511 355.508 418.644 1 5.07354 0.5 0.000372 61 0.000273199
367.872 348.932 415.921 1 4.34768 0.5 0.000372 171 0.000386338
370.817 358.94 385.802 1 5.09976 0.5 0.000372 29 9.01026e-05
370.34 357.301 394.242 1 5.00635 0.5 0.000372 87 0.00015108
367.013 360.952 401.436 1 5.00635 0.5 0.000372 102 0.000143596
374.182 355.631 409.897 1 5.09976 0.5 0.000372 24 0.000161438
366.168 356.752 409.108 1 5.07354 0.5 0.000372 108 0.000503504
372.135 365.519 396.037 1 5.00635 0.5 0.000372 56 5.95882e-05
379.104 355.191 394.927 1 5.02687 0.5 0.000372 129 7.76364e-05
384.174 355.431 406.107 1 5.09976 0.5 0.000372 118 3.24428e-06
379.247 358.064 387.118 1 5.07354 0.5 0.000372 92 3.15864e-05
376.803 358.305 402.571 1 5.02687 0.5 0.000372 155 0.000125871
