23.1248 0.224563 0.141455 0.0277823
26.0439 0.291169 0.168791 0.00938886
24.0362 0.236091 0.196852 0.00722665
23.3747 0.220714 0.202491 0.0140993
22.4879 0.20604 0.160249 0.0179492
23.3766 0.218326 0.180528 0.029943
24.1876 0.225144 0.18226 0.0416699
23.7631 0.235457 0.165272 0.0148831
24.6653 0.243951 0.197709 0.0203451
25.2609 0.257896 0.182515 0.0247967
24.0063 0.232062 0.162215 0.0362726
26.3797 0.278564 0.193433 0.0229435
26.0685 0.269639 0.197001 0.0283995
24.8644 0.261817 0.172929 0.019144
25.2375 0.258354 0.185942 0.0292934
24.9265 0.248407 0.181754 0.0256121
26.6685 0.296961 0.182298 0.0105517
27.5421 0.309193 0.196265 0.00842804
27.5853 0.305762 0.202281 0.0118416
27.2656 0.304947 0.204146 0.00817695
28.1148 0.335516 0.201569 -0.0214919
30.2518 0.354312 0.228355 -0.0105016
27.9838 0.332578 0.204662 -0.0162471
25.1099 0.222779 0.226265 0.0189742
24.5177 0.201577 0.213984 0.0294711
26.9297 0.227151 0.249368 0.0234841
27.6343 0.266066 0.245394 0.0195983
26.9012 0.281878 0.220334 0.0164407
25.9483 0.256284 0.20949 0.0320039
26.6671 0.262132 0.27569 0.103044
28.4901 0.305044 0.276338 0.0804499
27.7876 0.293918 0.219987 0.0152131
28.8444 0.257312 0.259287 0.00436389
30.3295 0.33822 0.196055 -0.047924
31.0219 0.349367 0.225853 -0.0194211
28.0127 0.301275 0.231804 0.00984086
29.3125 0.317166 0.251286 0.00974972
31.2026 0.341463 0.26802 0.0158501
29.5754 0.330947 0.231719 0.00807945
28.6318 0.306612 0.234751 0.0211484
30.2602 0.34073 0.240902 0.00579402
29.8681 0.323886 0.282806 0.0627378
30.4357 0.348475 0.239255 0.00128434
30.7392 0.350032 0.245663 -0.000609898
31.3603 0.414842 0.145538 -0.0358643
31.9314 0.360955 0.258369 -0.00097965
31.0426 0.36282 0.244176 -0.0219315
32.7761 0.369316 0.274698 0.000191736
34.3563 0.399357 0.289483 -0.0372668
35.6701 0.58703 -0.00160071 -0.12507
35.9925 0.539043 0.102192 -0.110512
35.4911 0.445822 0.209693 -0.0617602
33.7694 0.394732 0.286434 -0.0445185
30.8334 0.280035 0.27937 -0.0156199
31.0985 0.274705 0.294196 0.00751935
29.6502 0.294609 0.27083 0.0112663
30.4056 0.27595 0.290445 0.018379
29.2895 0.294569 0.313634 0.0970468
31.9779 0.314771 0.386824 0.130219
29.5254 0.242042 0.283837 0.00348575
33.1113 0.307194 0.269655 -0.0175448
32.7166 0.286172 0.265379 -0.0567296
32.4219 0.333336 0.29661 0.0196959
35.6059 0.361909 0.372305 0.102947
31.8719 0.345181 0.339134 0.099354
34.2572 0.378766 0.364525 0.0978628
31.6794 0.352869 0.299538 0.0555106
34.4488 0.382242 0.363361 0.093066
30.7743 0.319754 0.27419 0.0203734
33.4336 0.347435 0.310925 0.0175261
31.2777 0.32039 0.267976 -0.0067555
37.4584 0.282189 0.225851 0.00934189
34.8633 0.388195 0.335913 0.0291069
35.5749 0.3902 0.391108 0.108004
33.9217 0.385731 0.303684 0.0244839
37.4322 0.418384 0.405656 0.0900759
37.9971 0.43086 0.226995 0.00159511
33.9162 0.39445 0.285734 0.000909424
36.7431 0.478873 0.0962872 -0.0727133
39.9062 0.290894 0.199553 -0.0332259
38.2629 0.441278 0.178194 -0.0925456
40.7408 0.307611 0.232462 -0.0628796
39.3378 0.299623 0.249514 -0.016725
31.0702 0.236025 0.387165 0.0782149
28.9307 0.179905 0.368805 0.0448119
30.7514 0.245082 0.320967 0.0178551
31.829 0.263709 0.363097 0.0656057
34.3602 0.320519 0.452194 0.157174
31.6291 0.251914 0.414851 0.103018
33.2266 0.328042 0.434463 0.167459
37.0031 0.270611 0.232673 -0.031891
35.9516 0.28199 0.281847 0.0255382
34.6366 0.261133 0.307093 0.039683
36.2916 0.325158 0.401823 0.129392
38.3396 0.380128 0.46123 0.192897
33.9213 0.334858 0.390476 0.102975
36.0005 0.389853 0.480585 0.217687
37.1451 0.377555 0.524215 0.231037
36.708 0.368705 0.498875 0.20375
37.2692 0.408969 0.463698 0.183245
34.2159 0.340933 0.383271 0.0899895
40.7609 0.247537 0.231269 0.00995542
40.4009 0.299767 0.325021 0.0974309
43.159 0.287018 0.33565 0.104331
39.2956 0.427121 0.492177 0.175436
41.396 0.452421 0.274579 0.0751178
38.3455 0.371151 0.403036 0.13097
42.1085 0.267078 0.216056 0.0283755
41.0707 0.3138 0.12341 -0.0388888
45.1395 0.25711 0.247065 0.00186291
35.4674 0.230719 0.330207 0.0629044
35.2288 0.298309 0.44202 0.157767
34.7023 0.228268 0.512864 0.143737
36.633 0.343595 0.509172 0.219109
33.9431 0.292972 0.478405 0.16317
36.2844 0.286118 0.529522 0.165267
39.8841 0.260773 0.329364 0.0801485
40.8421 0.382044 0.561756 0.280026
38.94 0.324858 0.552841 0.217851
40.0078 0.26601 0.345878 0.0621962
37.8043 0.31238 0.492931 0.12905
44.3636 0.284762 0.378225 0.147679
42.6282 0.350096 0.484792 0.234912
42.9761 0.411897 0.397549 0.176093
43.0979 0.264795 0.431136 0.177342
40.843 0.345707 0.441322 0.187043
48.3307 0.253751 0.353496 0.145544
44.8112 0.193625 0.488515 0.169159
46.7341 0.113088 0.324396 0.0929161
46.2097 0.178307 0.354293 0.116434
46.1969 0.244348 0.395895 0.192082
